      0.0314159         1.5314
      0.0942478        1.59406
        0.15708        1.65636
       0.219911        1.71804
       0.282743        1.77885
       0.345575        1.83857
       0.408407        1.89695
       0.471239        1.95377
       0.534071        2.00879
       0.596903        2.06181
       0.659734         2.1126
       0.722566        2.16099
       0.785398        2.20676
        0.84823        2.24974
       0.911062        2.28977
       0.973894        2.32667
        1.03673        2.36032
        1.09956        2.39057
        1.16239         2.4173
        1.22522        2.44042
        1.28805        2.45982
        1.35088        2.47544
        1.41372         2.4872
        1.47655        2.49507
        1.53938        2.49901
        1.60221        2.49901
        1.66504        2.49507
        1.72788         2.4872
        1.79071        2.47544
        1.85354        2.45982
        1.91637        2.44042
         1.9792         2.4173
        2.04204        2.39057
        2.10487        2.36032
         2.1677        2.32667
        2.23053        2.28977
        2.29336        2.24974
        2.35619        2.20676
        2.41903        2.16099
        2.48186         2.1126
        2.54469        2.06181
        2.60752        2.00879
        2.67035        1.95377
        2.73319        1.89695
        2.79602        1.83857
        2.85885        1.77885
        2.92168        1.71804
        2.98451        1.65636
        3.04734        1.59406
        3.11018         1.5314
        3.17301         1.4686
        3.23584        1.40594
        3.29867        1.34364
         3.3615        1.28196
        3.42434        1.22115
        3.48717        1.16143
           3.55        1.10305
        3.61283        1.04623
        3.67566        0.99121
         3.7385       0.938194
        3.80133       0.887395
        3.86416       0.839014
        3.92699       0.793242
        3.98982       0.750259
        4.05265       0.710235
        4.11549       0.673328
        4.17832       0.639683
        4.24115       0.609433
        4.30398       0.582698
        4.36681       0.559583
        4.42965        0.54018
        4.49248       0.524565
        4.55531       0.512799
        4.61814       0.504929
        4.68097       0.500987
         4.7438       0.500987
        4.80664       0.504929
        4.86947       0.512799
         4.9323       0.524565
        4.99513        0.54018
        5.05796       0.559583
         5.1208       0.582698
        5.18363       0.609433
        5.24646       0.639683
        5.30929       0.673328
        5.37212       0.710235
        5.43496       0.750259
        5.49779       0.793242
        5.56062       0.839014
        5.62345       0.887395
        5.68628       0.938194
        5.74911        0.99121
        5.81195        1.04623
        5.87478        1.10305
        5.93761        1.16143
        6.00044        1.22115
        6.06327        1.28196
        6.12611        1.34364
        6.18894        1.40594
        6.25177         1.4686
