      0.0942478         6.3861
        0.15708        6.63565
       0.219911        6.88275
       0.282743        7.12641
       0.345575        7.36565
       0.408407        7.59955
       0.471239        7.82717
       0.534071        8.04762
       0.596903        8.26002
       0.659734        8.46354
       0.722566        8.65738
       0.785398        8.84076
        0.84823        9.01298
       0.911062        9.17333
       0.973894         9.3212
        1.03673        9.45601
        1.09956        9.57721
        1.16239        9.68432
        1.22522        9.77694
        1.28805        9.85469
        1.35088        9.91726
        1.41372        9.96441
        1.47655        9.99595
        1.53938        10.0118
        1.60221        10.0118
        1.66504        9.99599
        1.72788        9.96447
        1.79071        9.91734
        1.85354         9.8548
        1.91637        9.77707
         1.9792        9.68448
        2.04204        9.57738
        2.10487        9.45621
         2.1677        9.32143
        2.23053        9.17357
        2.29336        9.01324
        2.35619        8.84104
        2.41903        8.65767
        2.48186        8.46385
        2.54469        8.26035
        2.60752        8.04796
        2.67035        7.82752
        2.73319        7.59991
        2.79602        7.36603
        2.85885        7.12678
        2.92168        6.88313
        2.98451        6.63604
        3.04734        6.38646
        3.11018         6.1354
        3.17301        5.88385
        3.23584        5.63279
        3.29867        5.38321
         3.3615        5.13611
        3.42434        4.89245
        3.48717         4.6532
           3.55        4.41931
        3.61283        4.19169
        3.67566        3.97124
         3.7385        3.75884
        3.80133        3.55532
        3.86416        3.36148
        3.92699        3.17809
        3.98982        3.00588
        4.05265        2.84552
        4.11549        2.69765
        4.17832        2.56285
        4.24115        2.44165
        4.30398        2.33453
        4.36681        2.24192
        4.42965        2.16417
        4.49248         2.1016
        4.55531        2.05445
        4.61814        2.02291
        4.68097         2.0071
         4.7438        2.00709
        4.80664        2.02287
        4.86947        2.05439
         4.9323        2.10151
        4.99513        2.16406
        5.05796        2.24178
         5.1208        2.33438
        5.18363        2.44147
        5.24646        2.56265
        5.30929        2.69743
        5.37212        2.84528
        5.43496        3.00562
        5.49779        3.17782
        5.56062        3.36118
        5.62345          3.555
        5.68628        3.75851
        5.74911         3.9709
        5.81195        4.19134
        5.87478        4.41895
        5.93761        4.65283
        6.00044        4.89207
        6.06327        5.13572
        6.12611        5.38282
        6.18894        5.63239
        6.25177        5.88345
